22311425897
19041886729
58975922766
92026042233
23068123062
93503197567
49662743545
93672142867
89684924259
01041982658
85913833384
97829912955
76181914170
91071294164
58341776111
63698105683
98749831321
19836313885
14309739601
29796313537
93334174603
84723379959
78263801036
08516928349
50002372851
37864492525
34103889748
28215517382
65162183903
75822174388
80894560816
99933926349
13824008700
80288657390
78591358333
89063222670
11898993530
18446233274
35771437891
49710971638
02141513367
50057468117
22221078225
78937063174
98765751809
95015598157
52323132237
05211224574
41155850130
51152897764
96659057676
17915857606
89060286367
96963343462
47306947834
37764119458
75627999381
21118328124
33570905462
12256907570
73929768267
25781910000
64113284393
15847339186
62325407195
48230418870
34874245170
55449056575
99986436192
45300788252
53983560466
87510822505
32694459382
84663749062
38418996501
62468361784
37445704442
10785186700
54446142194
43700457545
03759557201
39577080448
16160802305
82351898524
10252238613
82162292165
83721368401
19824913700
64343845214
14694983164
84547117403
25711196480
41641237961
31431147117
43071147104
01785147137
23564420495
82635687498
47094796234
31030046301
76564911394
64627862725
77779108414
37887556872
10011458607
11275421334
34388203904
00830411500
26315696520
34810291448
42675418331
68096586297
31524950050
28034026611
71944344152
01838424482
19762267915
56862492373
31963290119
47904628970
64018423772
28238807808
46733027453
62760851702
15950084896
42479090027
12574138805
78190649353
74430469792
46008018575
57447885142
10938908430
38035164473
84513524219
70769327680
80189586109
90105081027
32192265743
92074839200
97091475526
61092121994
38248018920
30678467706
36838586991
51007478110
17378718076
74211032283
70405426763
35694217675
79009873633
63091863107
46563591817
32266445642
87228009991
84739862026
22490899732
00520014669
88742520720
02430436191
39192803342
39954223738
66071582423
32380310238
91587472147
82690700336
03467486312
56418250427
41992829551
43931917576
18843155857
02195378875
61731049978
76844850085
65372637277
66433912451
88649294103
66546592525
49047149033
78490757496
15195931208
18372732868
86392232117
09979205059
71478893710
28013208893
22541478208
88217032076
84112671725
66496845115
00242121802
92693391903
13072523541
71006431209
93982148812
66661341092
45604381969
62353859275
24532929199
87509672236
30767751701
34692018976
30339790504
29673535310
99328508614
72455688046
94258417211
03657242112
54758953171
18160781903
55707409530
62142257771
51807675041
86989618949
43874274500
04050218283
01792327978
75555876378
28896394600
20644667117
28935541800
88833152430
66804666798
90429184891
73125201462
83928417436
58795735917
71291684719
14729940946
20843439416
99092723690
22220407012
59805117090
60987297783
55443783394
07385395201
55505112587
16178753179
97346749510
54563908924
22233386310
30611424363
70155046853
20682554219
93184438031
22152151518
16732206141
85324929751
93219836356
37759675917
12484520034
40514056215
32820144810
59162132806
51819284808
28184661720
74051393615
24875814925
19711952190
85750404056
87004629775
03966823675
00135372372
98034219215
94305452480
82175034194
97413920956
88160118740
99282787095
11985584077
75615750413
63375950250
20319229041
59288386033
18136290300
39777919662
38862736444
56786837808
62536779009
66502898254
18377461765
51422566625
72700671716
47497574620
69564853036
74815515379
09456120791
54917335710
79639743909
35842611473
11322805911
08355040260
41274892511
38258018884
60212783807
33654178421
04380924068
43746713072
47562830045
81026554535
22864762099
72193424977
87605555300
49085229367
64514127590
25879378330
66593005975
98048017601
13802772563
01127492594
33949095101
28839315772
18087880609
84588151924
46221592950
67850743717
61789647908
64273063085
37562253307
73708632125
54195415560
33972970790
83896545809
97080435242
39928989389
42232472043
07489015235
35892604241
42113338793
17712528632
90216994780
31459676068
16833641471
42686372060
38546407061
35511711063
21050727398
14998805533
51704652111
44645688073
76759021819
34610803658
57362679009
35942470235
63881002952
16100277875
01775893618
56455159276
87876678785
23027474960
87031182905
53013769262
91281764566
23321423804
20988868709
88665678921
47228934547
27400986937
86718108448
04119372278
46249478868
83552276033
60869307916
45087290370
64436751341
53885796112
23866485832
36449041897
64561366105
03415692671
45626781005
72264498544
79352224876
78283632140
85361892904
45654610996
82815892804
11391481178
21851054855
18652650209
47219993722
50696898438
71798461803
03839275016
87938737941
41219525103
32053993154
42789555613
92641603535
63931056236
45628691194
04974914359
92052275010
79642723140
90806807539
93000952500
16718340464
88090764002
78606573175
95667222574
31694406830
73790299081
89318465335
78831871048
43334153304
98289982704
76732747797
06405401804
63196142000
82974041965
00966851587
32681534291
48467410019
66666160304
77107544900
58147753519
39031968862
29643383377
31526495333
29793301244
61908497920
11450935664
73070646506
91383755248
87428648602
69526709128
99300201522
12858444242
42080441019
69500022389
49892131061
23446631500
47947513708
69595950530
72672374015
62615350005
67393096048
20552401455
24838330200
98783819517
43918126498
36945372952
10118075489
71364166208
50641346735
97398929900
79012489636
62812044845
03173749669
13940871524
07588522070
56879966136
23084781958
75313178261
97670955783
17470583602
45085127129
86698762806
51460175069
21649790104
29050047033
75199069063
58712829200
82111265837
62493372107
66764009449
02870106432
26715558817
19644879279
85766388861
66744165682
45242976268
03156144479
95106272165
16593099210
23719260518
53219653073
00016511379
68339947575
93092240103
84979348068
21036143643
35972462907
95345231001
95185548541
25232098535
89684912161
86252846988
52539353126
50924729520
90193089807
60689011148
97278995957
64619284130
72403089524
75659886850
76006646820
10701175796
04591614824
29452847581
57314778841
95054766049
65458105613
60099765888
92364721687
54721954972
79517632258
13329717173
11519841248
19095900886
73788418974
23237744689
81164776177
54911549971
91108285082
12901337279
53014068330
94976418502
86759109406
31981961755
83293952941
73415799867
20006751237
27939055500
95368281544
36443405102
55316892844
74440220460
41024919374
25286266495
70735897441
27107450387
94455368787
56296324006
31560937939
60072207370
25491949264
05678059300
29073205999
95963061547
28038997956
29153725000
55253062394
99298023634
58813696108
03348119707
15584856002
21209567741
14045849190
25746320285
46011663303
87355098993
61587998742
48397557369
98995100419
86130557701
66955969560
79682125103
75623247865
92289279250
74991575982
53136672461
76422395990
23037950013
62447092687
88012699869
42325735850
69625889680
12121155970
31293254410
34053320950
49188452077
58217156603
52102042359
26510978296
93208075405
53173017501
94132678555
78435050750
64872935470
49904355754
37982438750
86452818139
05129191510
85571901829
72219518450
92827760185
98942195350
77477808006
00959530860
12822894035
93404405790
10048797251
64587898589
60081224966
41036588866
82309931810
11263781861
98204926537
55508624414
08554074505
56764578990
13312613841
99732678500
73720430936
25171332630
62747208800
29820211964
10662611560
67475974430
70966177363
75699983678
61424469775
05232831801
73724654863
53263322567
30762305657
83923547455
40631658920
54214540379
36152957141
68101674802
11576922570
88205371504
70008631611
32276843144
37053180204
45069459481
52042208876
92526346738
18920224943
30446569747
29261398707
13754091743
90095747508
23867185140
63638590690
23061722009
84506979133
01643325701
98455687266
11992487111
62304440207
39302784649
41149334762
47740402311
10538704349
87044036147
99741798318
53257641958
76636494000
70586143262
03771445175
01848076037
55144941958
74701953946
98874135262
08094411872
77436121553
91813260923
92028426802
64022174250
70846134209
61033739561
65169837470
19738270006
94501315466
97089107914
38192770990
20170303845
76618806798
43812267047
33597960715
73674051877
01297929934
32027407847
85191316380
70821025856
50582223296
39372400556
18273716252
38045619856
72893396810
52153292220
28615440310
11156331471
85454883786
71665636050
44011815497
29643248089
04521847625
50973148241
04420853700
38680354007
82357443847
58185414440
34382593620
74746885222
82440186406
32198788730
76430782034
75907150939
27039729547
32497366519
83269310803
01351374621
91083430637
45940528864
16630128575
58948757067
20723006148
13147262774
36573824881
06616253031
87646930156
27786455434
27984605068
79727658636
75874259694
65010673401
25539071174
57328121645
55489684240
85097421469
40584133103
52342875991
26331346538
84916888626
63090767953
44966052440
86158821268
54007614296
42509197576
69826676691
73892430071
87095258821
13854155689
67618520054
64493729740
15680963485
54126814760
28663399162
43688372409
87843031405
35920660643
29872013624
80987736124
28014218043
50493820841
70690926952
39651876190
83539394605
81503792315
38282656429
96681251692
61901561348
31496028740
61454359412
59253181532
43926685174
08929554067
93983799884
72896758860
18439444214
58504261751
89752746160
74182254740
65713364216
54784392904
65397112127
75715906636
21559091282
22748847067
27765140000
59553166555
62951142617
76268279298
71494548950
14093957665
57237629077
03822135720
29033813645
58735628731
59137505270
73121251155
78670581507
89442402560
24967094120
70231447655
77725072322
91218993987
11423134095
06532657948
03249260304
45690206156
07579945479
23201173428
09827980246
31734616814
77702922982
72067619179
35080959240
37257889449
59897072586
31663076995
44466112835
26914998477
92271840406
17741567500
80458079707
05148515899
02937147976
86501882303
43477437187
74160682235
38119088719
62308787120
56439981730
85481541793
82765568847
59792523715
68424879511
55725941485
38361235507
94688132824
77428635535
88733025800
55391353858
44076103955
11455718084
54475401941
46603203596
65614501754
97131144690
18631022993
35770096080
92205576909
51174174021
47098927090
35083250080
77803009514
80280477694
03562194102
11443991309
80634501917
02862651095
98619288717
30994867441
35456964210
67235511680
19657391210
66486949040
46311179156
80501844201
77742597837
86029331930
46439364600
21886362017
24429501386
73915092720
16124029090
78437836280
91879375656
50704749521
46666630700
27233132127
21351948164
83648258010
78386941910
22007836980
92318048207
79068971964
90652289851
31782996613
95939801994
40632563320
40037746715
18719338201
93479477330
36541002878
13016804948
85544261342
09749010086
59436253567
64260416537
26354624372
26466520200
55122463131
33262531332
85601941262
47797543488
36825965344
72083224493
32450048855
90946945225
61714077047
59097298539
60478549903
18325030976
56275918209
84610919575
28455003600
21447747496
89338429261
20223602906
07802418860
67053547396
36287506792
23335142802
38507413382
02435388713
15020697842
74635836517
49210529642
90058682368
91060784866
68671989968
90422481149
32327581770
65227329206
57657541989
02482573238
20790097532
65713311368
49806262620
40035337206
92615602888
97179571776
25523956864
83957262100
69558645486
25372489537
98970619240
51943506787
89228879076
68729223032
38176511048
76378722544
84223122550
21107622336
68855343742
94535247781
39474694702
87444637580
56796006097
10518995917
45154916441
50421908807
58473126793
87073671718
11379733669
86236896585
98932261806
90025000411
67930604497
84603909500
09364241509
03243941105
91895935024
35869479410
42392794880
75303186911
49652966800
81677956160
96254012537
01906978816
44158091209
33560889553
88582219318
70629057982
33552734066
74447299135
63670319441
76725453538
94924996815
93033681930
94364129593
43327893934
99412102682
80789075164
28847804752
13409842969
32189591368
67724696748
05843650987
28191069270
04711264116
93475204460
18781616015
81203223200
44471961900
24246253790
40885918444
99155744010
47172749707
80429447728
24738935860
20681050390
65237757553
04732735193
97070321031
13179676825
44378565030
34563718459
71736467662
18990292140
55336714046
79299074909
77475290409
10365631540
42931711691
08862447221
02659545685
74077383196
32978538759
87736610401
21172617368
96337927389
74183271533
75431776762
27364901507
40400356740
86468899710
86876664627
12646411251
28978739814
53586358660
38411197948
98520624928
35654233319
96607387900
40925114421
82811524274
42448416362
26817618169
86608771363
70087467259
00247378100
23371719901
62780317604
57616792057
41058110101
61011171627
69024688507
62907550136
91088115713
20418111456
53034718616
04352209856
14240218128
20113780109
16593835870
66879866603
55220407856
37062682217
95101623962
25055228555
65169252595
29445348907
21185536507
77263170604
31072875209
41238734995
63391831073
25270863570
56977332670
73931713253
93283610010
45938767458
13482226547
68024746387
36504471185
85254142120
73105362908
25282582830
47150922392
99576347203
20780951840
25031669381
98706892566
44001570831
16525098602
63571807855
25273237661
89305695108
26259004079
99357848355
36008549767
90148664881
34120249530
62598995139
98745128901
50180123580
80565050915
88354012409
72988163812
97579465400
04163963308
20841927650
14509026773
69246382366
92354465203
03473297135
28786429108
34086960397
80318529289
17990077310
86425118695
68124933685
24442842086
14627666764
17159020251
11725300095
40316166430
58330398439
15146204306
59197299375
36570390155
17784732880
05828236920
20431781648
25566795226
09834303149
56500943813
83550835809
24602420427
71124211101
08529518683
11824671806
63719427277
00774884401
23450052110
04311632517
67868572485
17162326005
69657034744
21658065778
58055686670
29324878840
80277381053
64297826895
81332792910
34048196596
20299165795
68277071728
47363384665
99649763481
47173719500
33461657360
06148245590
15070048937
83769396375
57132845810
49400872127
52188732251
44744677010
97109649687
66082826485
22080046713
72173623508
27096513787
81816703109
91579251510
07108991730
72247189717
91228623074
43551674108
07214905906
25969552372
88061307901
25155439604
06306899898
02398103765
65048133536
05222611400
84910827781
04595312121
90065405285
95724892758
10132310406
20171032845
59099045662
59897244700
94375117990
08196008490
74482057223
63430852897
81688734325
57115983259
44234151866
53891403542
24911659297
84727276704
06288971030
77985469877
79502966236
74972752599
13616704448
93976435686
27689368204
10853756333
08661356342
08707594267
57660680420
82218235625
83407878451
67362717032
03593258820
14559524947
00730433200
11233913352
35675537988
39482552105
67128951202
96243459454
17496173231
48121178797
65892614158
73047888108
89704789653
86530376593
51043507469
92246127769
86499892769
17218460267
81408570688
84007820112
52060127696
78390831295
65249387985
60999772872
04590275570
97049511919
32925926746
99400262345
11758877146
35059807142
06615255707
95595587229
56921368130
48673755433
50204653053
01862612250
33991483998
15995779257
09219173255
06348975789
44243415188
09539537509
63307273680
16686416150
41596266708
72941540580
49554319410
89361137476
98880990608
79242468606
68275258138
30734590733
68616878980
57586045852
78026875869
02339899516
29796482487
65416767804
41926289617
91080747559
77411658529
30335630669
77822836633
52119665117
96216601067
29967008482
32748578074
58441424110
91719170800
89343818920
05537954656
16090295850
51884148212
99725203909
94585623256
88128414143
17410357169
76699317016
43369595109
26812688770
46216387855
11394083050
52899477870
91921426055
78140915009
19333692720
34592070356
50969923651
51080223363
37759345100
68433969250
17920175100
21014776708
04572053855
23011467749
84904103645
07016968421
80846260000
82307415815
85811894740
15959270340
63821381779
83354746645
32610072228
48566009150
67907489466
12731484608
79336258788
77563065970
77216075315
84346720307
21032025115
28934859105
24175734074
45631242494
25908350940
43872941836
20223967238
91081224150
10509706169
57894540463
96351388066
74712553154
36626823388
57308004791
10754066762
29351957365
43493715161
34417873747
86153613802
69622658598
05913447182
20658261770
80353161330
18171627218
11076665039
65590677858
96880529496
78738019850
42289270687
76690307042
47760137893
71427900833
28504495558
35456629003
19851553972
80976713446
76268145330
87618511918
76630244605
17457160760
34748977302
82416368494
44957588104
34136922671
72571120883
92425536892
83092377150
82844495958
18228517181
03266967763
14305088509
00199678618
79788556272
20938869876
17125978410
57218703623
66431828836
23649488000
33050721138
46747783875
37446975253
12388556872
44208561220
53248039280
81829617508
04869487497
03138443214
45474169906
09116263448
02442016419
30296876607
64678939300
84675907342
66648461101
60888963963
74260375091
86034967490
76999792909
49060410190
90008277362
10295992468
12348188171
37327545700
17712891044
03938848804
07932950333
71336091428
64477205414
99616652362
42960250150
79188263452
57789958496
01274721180
35553670560
05359808250
88251232996
36320637102
43357358204
68990584132
16205025183
32479514072
14901923609
39415556420
44421436682
77906287983
75175875442
78744153457
27305769592
71533583900
69072030656
83588468358
06386576527
00938179756
87968878268
73481371306
95404030224
31784565628
78708791260
96926769354
25505251404
57513740372
25554262139
90568986717
43055337905
39409876974
65727567939
92404367820
60409358800
71577523440
09568369848
40898720494
32641979365
87267361951
88674623506
13844219048
74570811434
20955323509
99519590404
86941374969
97510549159
83341035141
50732263808
65665159255
05899976535
32374135934
66005498150
06784316983
75399574845
90919795773
75935327040
29922136325
37740071447
25440175628
99777653751
59680413900
61284027805
71567006183
63399687249
03283452377
74256209360
11883788722
41027409296
95309721134
83057809456
54700169192
23460848758
34321113040
78595661332
92974330657
26082443942
10062641751
83607946930
29915552203
55868741803
72037243448
77761729018
21758618728
86710725090
45931374469
93333120305
75660944590
28634876551
15205861673
98085164590
97272376813
77326172587
35408823598
77309737903
93670419349
32391659105
20843817380
36844254350
21156583292
47822971905
94835259181
99005973897
01268872849
15081351261
24882319403
88039663407
77661618265
09212137946
70751801690
28244580542
01650725809
03032605059
25405953911
30714059366
36100717026
85935380374
73918249174
54289300391
92530457018
63219560822
69902722520
67607789367
73599298491
41578328179
87822623575
17946581815
33749016119
79249100507
17011232583
07216095979
85442714054
23084278334
93010446683
09667880524
97051072978
10941306216
92321177543
10105359513
87743744787
30190063416
48723679107
14073686992
87510777950
93037239379
67220204442
42566824142
30832212156
94462031202
77478387861
34392126102
62493847156
58845662713
39002352603
10815556616
13978804735
30933089929
85905392374
92309212032
93760483852
20225522373
98726180626
38428587442
63090206099
07454276504
80983772290
01391225244
55709704954
34365951289
26825964445
03937901345
64618260920
64738090909
51084755009
18413128862
74892623725
36595464373
14580993268
94428973497
63224388676
59147448571
92398018121
23087558907
93489423445
46926725284
84321984807
33447482117
81549504215
11997092719
04305119900
37391811769
45855608239
61938236700
58829637700
05192427002
77429912419
93352851530
44041695074
30344446565
30063592320
07168158694
83461935301
14937027344
55995407902
83467174078
06535707407
26689506436
39944892297
09739203000
78565577708
44990729480
67149897924
63315560870
51414901062
41377866742
11314814532
21315778343
40957751907
51929820810
86194520370
93281646565
82618843410
09423616950
27187420382
48035428217
36481493773
53667818173
23212130431
11419585975
41261914295
82185849352
74565383527
06870594619
10167378902
10086071343
23042432823
60000197343
36753151770
85314048949
41319938647
26544572730
52075996580
07733804850
57160617703
53628534143
32539143300
57920469210
48964704606
43847305352
24583578148
68971141549
03909557368
04077755603
55062221145
23078901815
50886344476
03757407679
33381978292
46663514008
60491679408
46909042352
95130544200
45065118086
22312064120
38647176715
13627628306
37391533777
77556021505
82916904212
45404276606
16188296889
72360566695
05393328877
75398485296
63492259880
76903394419
64273053101
92869351534
34635049108
45328943600
54900311669
50820897817
66479770153
29808560610
29103318818
33175601502
08551890530
43303024383
46583746840
04546395892
12537437977
41413855903
20902791095
88124623678
68902472728
03022574975
94603729707
66177680860
93241282481
46361127680
60635490994
80076243257
95235954157
75470710319
18943368526
93913777504
93615423208
73713407878
01541847725
24979115411
50053958306
79702241995
70176647520
40549079890
81633366928
90176675914
70699108942
29513048543
00874876591
86736275164
53746109531
13903909858
56643670080
95404780908
44220631623
21054443696
85631134616
72754354468
74819708740
60871832488
13880452814
33432609671
43752965428
77872571218
34286038343
43971506488
91791078850
84186868638
27624579391
54538976270
46346004638
46591394257
55462031378
25536932659
04351546999
24999636387
52242435051
76459528063
63542663522
64545327044
45892322270
46813026275
27964687557
16724557585
61334023506
89441638200
02525067584
80602674425
60893968854
61931436533
41207773832
83797123744
42531467599
47939580876
74713205400
94271022764
26449024879
52120586004
01052941877
23945129621
94780588006
18101041494
81694973107
09219239701
96394746576
57788075469
07217103959
10069733201
06736620120
79680991296
82534513850
05931951083
43852267099
71138503754
45178744942
29482051742
00166394130
86825669664
51726908593
86694211511
42521686190
43625355353
60872302709
28085150573
76338544726
34932869886
55098851220
03831791066
60061248312
04629008004
31568604840
77366861499
73443892906
71448382025
61083634879
25325812556
52779205105
04473280004
39536533693
77296845864
91442970928
37907319005
52690518260
69645035449
52033147487
11776264541
31863837302
28573937840
49131841210
13246615268
95434927940
56708874253
15787050967
21029128251
20243637330
45087248764
89526307348
52405912961
10995314543
03146878828
49013828108
20898663733
05715733553
64614847790
83053643561
14501736089
92496550880
17682360976
49755203893
97813041976
91215894538
42460914563
70680731580
99212220150
31079303340
05891330393
53522794990
41339991187
16390682603
33134271893
44393424263
37537183279
46249259201
80284369942
23460101385
19789328710
60678499330
64400899861
89268394359
18502286200
23392537217
02718492660
10901622516
96367196919
22063460876
04909329323
66333126527
75707367454
62529391530
67597927347
03419698003
76633320833
40190410248
58321669905
21401993087
19367267347
79480126990
76577386420
47159672780
07610322407
62798327750
76635005633
18722734325
44328104837
32403261165
18639287155
55857174139
02527370837
15437461607
80694764000
22533206768
37241882261
05766311168
54186408793
85360455403
39362134888
05849917462
37239382800
39866182959
08347881871
36803883736
79931567422
37135487818
67895349201
67406998791
35447650208
79511823620
42903321701
40597728798
37802882575
45636960565
47952243586
27827517196
52071801504
46786557279
44190666521
64193606503
21398180670
67687473124
16438633550
76657202504
15145241470
71873857810
51991723288
56584141306
86234635954
70128105992
33655328702
25842284910
20596592302
63267606829
81203319401
57275581582
41167148282
08060236865
45933414506
26499890170
86040754370
44832435434
26209781730
13182371495
33468520832
50358866200
00346306515
71930614969
94076782372
36268277554
76648438983
36434944241
87782774772
64456810939
45737360695
10908724292
98941143934
97013259314
16542612386
54241756948
00415146968
69348099710
35991533881
96746615570
91702154645
92138778894
41939745020
61450808093
84726661663
32088793186
42039077138
04286086631
87927204475
05832543734
40453403271
16530357734
79141936230
13028892146
15184980512
92243629828
61498438156
66515984650
73225896454
65770295635
23724098162
43948732159
87656947167
22872386467
48064738989
70155558080
88194125600
52746481502
14776911892
87637254607
60335709958
12371483915
18414679870
35707623787
41926383397
86333443786
83036532102
09928553068
46171651001
49403654686
49311165310
36930167045
36090741833
60780674359
85163212745
95371361839
02702193749
87995552475
23700341229
19282544893
91043730303
83767032937
82844033741
08518282640
94717815157
48366265609
89771953737
36110818844
13431662927
10246671890
76616708950
86758083560
30171011260
85321853479
37010898847
22619814308
60492272840
16372543699
72375953428
87769055946
74665969329
65545775056
45579307780
42444474074
46404152908
80693997087
24824593468
58895307399
46765029400
68818817973
93717907921
14486701526
56969844285
64547336296
08076349486
31478572124
04732967213
76594360400
57979644301
06566593004
81558048286
60190602252
11165165007
04457414301
71903869552
06777302417
68262935608
53221624611
68306601068
95221219751
01676552308
94252376890
08638973551
78083155403
35420645998
17675437608
90171486757
52555765220
59046216047
13830492898
87106442453
38733009740
46155218803
05448999115
11909298050
93162431492
68845279430
33430459699
50416218962
49466585800
38898807627
33237253790
10055707289
28183278574
14987863162
10464251109
47072039147
12025312610
65397709441
69421426894
05048023641
46460113793
69372295264
73557952444
36934701380
21011277689
38842894893
57018337712
86217636727
15781743928
96915568980
45453733489
29676869210
23350644015
85939385745
53725691746
95617266616
01609997905
42442740575
93315193703
89430121952
55441905000
35808059593
57306468367
32565923171
47631027021
00880238429
10052977030
41864896612
75822614965
87986371188
46258037305
99333736689
63678632734
29715900461
36142796935
29291405698
30743723708
03926676817
07189954490
61735738816
29847782008
87705909154
30700838384
06562961602
14297996847
57174732224
89976386451
40916387160
01303036150
28681282549
51191212092
66588394411
30103783784
57490424992
61144870100
43273670444
44507545307
05076681208
22964523290
14209293806
91368673147
23301272606
70791119513
24454826668
54806077828
31259114350
84485850625
08277141491
68854742589
01942275536
81541159136
05978811385
04201626741
82580258051
87014872800
46963814392
71965931626
52004752289
00202583210
64623915611
41780303882
60611240823
76394923354
67035231854
22133261265
52414486910
58107208978
73918838676
28020582070
73657605673
87349343400
96828609549
63836926903
94420425563
55176439140
90746689411
74232585630
73746073936
51868347931
18420826634
56901905866
04768235603
92198152657
36717088087
80924607793
58330893952
04761650915
99831297792
61724121162
19247955408
40903360152
78592738709
37980444817
00286600803
39284942870
22220262618
87161787939
42149539403
22507120347
08516621022
24329667320
56191684177
34312522731
57555644428
14389979060
24672908836
64268954236
24220115781
20205051189
06894159904
53079259130
00068618905
23738215590
04293320504
79450475997
64005122922
09677643940
28596789138
13748211449
38156055390
73430899435
60102458340
41691372994
79942736379
69401108790
94399702605
09046063178
46055965852
96850708813
10251865169
55604949922
98182661293
57445434577
98927079906
39012565715
37454054803
36638183141
05653254428
35047449521
88522704007
08775631105
36942253901
45069095005
03597906079
66668999620
09175724324
20248623303
00423815849
95599157032
30552859648
31840388072
67199793375
41863476628
53718735113
01784655856
51775222535
53525406851
55104653285
70439525306
99504374581
44218460663
12143522193
06839587207
55688801077
93277997715
32921947501
61342057457
32367019517
58817727768
82079758730
79377870909
58980043350
97487895785
56584910610
33478604702
55699120106
00670067440
82899816942
25947503360
39956119156
23225681636
20066157773
84273837463
49063328206
85136664088
14623290980
42636236490
90493555102
17857774405
90190018500
33937939776
87953772981
69439766999
55866325608
97439814541
39718998039
02783303043
98238095263
38584421866
36138945999
00707803829
48301703369
31283651130
31726481760
83656769583
75257777568
98604717544
22019817527
41186226293
43509350537
62224684118
17359703360
35638894659
00707691338
59110413243
29249585985
72404370006
70503918679
43611939595
87700693951
62000368379
97594157982
03700589174
53003321609
83439734617
96175543726
56095374367
41234218224
13751105000
75923293951
27419131457
70367203871
71508942676
57908408680
54694936441
73011184143
45731572208
52498040633
43147975258
61316787583
46853370422
65314638568
61199631973
51015389490
66543846526
78491451943
63115922078
63098935219
45547171786
35405250414
79624338680
35669964160
11359427902
81703054890
79327266382
46400386904
96414401790
57495999900
61144683505
60145358372
91698448600
98916606055
70254643680
10130325198
35347173505
72506835199
84543509935
67431934106
59357135510
87758529771
16300178412
95579531281
57752312797
95169543590
57139949883
56650817368
59622158188
91696353238
82416519026
03009470118
22502757347
13913174400
03362289614
30598362720
43653450284
73091843190
46292429881
31547266759
99924018346
42993630008
61424938430
03033805787
11639122630
13072513902
33134425874
12576647197
80959266046
91210852934
25106308739
17505250701
14914522500
34308634067
32788109962
93229765605
59814596035
73180010355
43264372940
04790037770
51151476706
91535605405
63335722256
46418030567
34797819693
47160941705
20550746013
12746920247
86936237614
28957705732
03899998146
63994704391
87232389922
18100481504
54759622357
77253569164
95899227249
51787757242
74794462840
81902189302
01771966963
88718258107
51431123110
34812718082
08608434164
74116257958
17033572484
02992724866
12566589607
85093945803
59447342566
59804642719
12105812562
38004341993
83696484873
61211180166
14923765585
94420168064
50719923700
53024947280
10449575578
69153193105
29444937607
40087110741
63680450192
85574275732
65239367400
70349384401
69564704383
55587841561
12537727975
06212079340
83343899739
51164865404
06986931085
00011569425
49704897006
03744638405
16463550248
39109228055
77423515523
11157674968
95900821811
17650169243
58963440745
71876307358
59534659398
62030710210
48097757397
53104026670
30610516434
34126370846
52107560250
74921285926
07184608208
99073728975
02719788309
89215082018
68624732557
65691366408
98734352392
89317485405
67153515380
48727241602
19686228454
44292945187
52210730724
01878654772
70115905600
87265503007
02725334918
59235884713
71090991568
41666433390
72530210454
63751783555
46271584160
30822180910
95858238882
59932402109
40899721672
08866247030
80260952940
21908870389
66553965064
28283387898
53824199815
95586096099
07189412840
75136732687
34547544026
79351712540
27583627672
12860938052
00866780351
27729186705
38654475110
73401898230
84970991170
59607875630
84754078543
07414426980
78442225579
44888831416
34054917461
41337411027
96275722177
92594833444
07033693427
98729628806
31270550217
82268987817
64816172602
88546118752
89574274900
95487453802
69315960980
12729276874
66544604216
27096978909
77050551040
54874138519
88660063430
59251913315
11191680827
83755428300
02875734946
55553381630
83525129947
18326154210
40457854189
45538786404
17272576189
72401471421
17820394811
12573948358
55376099679
37731943585
43357922630
15015518765
62170888276
26245164095
91096897105
14903238997
94302543400
97543434547
19958916304
83542055174
28530974557
77717807254
57634728616
22352785316
66623954040
90520975189
33276052032
76273590230
41957443502
06312767779
05728336108
32731179902
04897537959
51622952723
46312302660
77008609043
21847502202
33142282289
78671265544
72886828203
05996506807
47247857560
33860060783
58395928467
82699810282
09032867776
02758436965
72557432857
41129369234
89799388619
29422563208
87006154634
61852562820
26102675096
06570029681
49877027976
87510457459
27589061638
86742923563
26796179676
21710217804
95121217005
54121742729
32048553923
14356946278
09829004651
18715403998
70397572654
21876585463
12654593630
66751758235
56902084181
59833777520
75748846500
63114720404
47796515731
57972291101
80724267883
99717804885
70120505940
04631271612
28877117095
91866171500
91873129300
73401965360
61037121147
58965950937
38948564838
23325978320
50499234413
48209449672
21952074347
97993053730
22321778741
20824265726
30178627984
62796067750
55828423576
30576510548
58433333615
45370671109
34596931267
95049932068
92470845203
37080906911
77499725790
46804675410
79399346005
54851920849
44124123850
40118438816
46962156600
00930201809
41046238574
41681087596
52910817750
20291891624
89869974015
34963956489
79575210450
90218438702
08482794680
29159707500
09606070808
34880468185
35127522683
75658918510
21942895429
95365734823
53040513354
11350213098
76877381440
25720317015
24838402058
88628326723
01039121853
90101362056
52589700784
71010599100
84542592448
02883753865
41411342445
97817195323
49248771238
25570464506
69195009060
58908426760
95996458713
53413326104
88010562068
62010305817
20322026970
36597463390
77272904674
73617854257
73421227004
29577619630
54774946036
75864347787
49394620052
67251536820
75014107478
70009726373
29658346995
12290192279
08759496061
88393925134
52938728000
41379713820
27113379524
51928835635
78693836510
84042514448
56479639197
27439901398
10580234118
87239307999
11641005483
41204844593
09123136502
97245640459
67965707748
89456344010
40246613963
41064626483
15868122380
59682969840
99786308646
02604455331
40273471457
39309651946
21884703976
12682775098
28811759889
00538076690
24996155400
27314702594
27877766807
86628822184
85822722946
62854590295
59080449970
74256322507
70412090163
40316721603
86177424619
93273795867
25050064589
99799546800
99562457559
33811478702
87678701551
48386376759
91908995718
09462148597
86193154809
20220988978
00858617749
04797946857
53485347221
76857129207
64988771709
33351136161
94532478553
78897920004
79157343500
84912636835
96136083620
73800158930
81831532670
89995599201
42212558031
03244661610
28830005495
77852573614
90491800517
37861521958
28012443171
10719342287
20413543218
60170540235
96878492157
63522999380
46842089824
74141326763
37715221457
98367266404
85242794518
50871317516
49761682714
40168417553
36200008671
54894361078
81173256750
94915631303
55297843723
05501221926
88138391030
60704278669
88988781090
93967078647
51556150466
07502439293
77246154469
43340067872
68521249918
47530626000
02981740733
72248849524
57538897003
51208875701
09612276137
75775380940
46725663664
39513305384
18684929403
06177533779
40632935219
14106096692
89244807904
81789066352
60120013207
66376774857
58206858903
68787242605
59924705653
49562265005
89100565504
05328352394
21511671602
83208199627
63795840139
41302635603
95993621281
64479810609
47547378064
93291652657
41614529850
22190374871
09542424752
94952894320
75380266657
11407506404
28267428097
29641086170
82352734541
06253463861
19021106094
28831886100
47511194788
41948041634
77915730401
62790142408
41137880902
40702005339
49045860260
18946496134
81640544704
75967827951
37028400603
32428447181
64120035336
56360456389
52700496868
26003936410
12691250792
85759285386
05770717696
54080021283
90164953710
24754981960
73470096856
21652338950
29608294258
35284259971
07917135470
82105027784
17111938283
12999972873
27203709329
26515056338
99880762150
89321277862
81719236070
90979921090
27846071009
97774245405
20309999707
52085825893
08893327112
55786899810
14180425955
97361740189
19546588776
89731663444
38939665872
47470046968
07760992564
49590320813
79917582142
92991467991
50531300277
82003047360
00300824475
35241087761
08215199216
83883568600
43713432015
26364936202
13726271112
42100155717
20496356640
22414649100
19896110956
89487225730
21358797110
86633862903
85344218206
91018460519
17539623829
31568364008
32989973745
68243219315
58088771560
97093026125
44510766920
76682521502
27188586640
71613168209
29116544986
62930396296
64862745229
58723794399
44034230436
43604935334
91789076242
34281362258
17550639388
50305232002
06055781093
35871461956
03973971005
54168283070
08762161733
85300403253
84476066941
57913812206
99019047493
75355643809
23061124799
42372032208
44730718046
53092664370
09417856960
34053056918
24967550908
51146569963
36215052531
78008654520
73052380311
50031444660
96534393409
90459301101
47545033337
46095119758
92914553501
20186181647
33759743021
27409094206
69324863851
79144891318
38622535380
55531071213
36561903560
63488547957
47551635017
32228112372
42403507431
91993150412
56749819656
83126139272
37419681538
10925842508
57079068002
35214566417
43379041742
20353927481
22307651918
20992025753
36209935729
76584508471
43256765033
79729937001
77574752010
96377337604
22134804190
39153789504
25296758560
28688861595
30422969206
79085178622
16547268349
58752825841
31810241715
95479326830
24833417561
00305737937
49252435603
01038867371
52847684930
29772910403
23219424791
40098093614
72210695147
67008323301
02623101396
73203648750
15473941028
07760860064
04147444032
22212927070
08852973427
39144945574
81480655600
18471917548
27395568109
44757057547
35638679847
74186672210
12560797909
72643571207
10880454210
70602256500
66458937288
19255165801
45499105006
94210849006
44576746804
47961257446
25486640820
87011464590
37558698880
23533617220
09677497197
76053651958
73316383433
58351273325
48132280547
16581714380
05324589586
18547199470
88333463584
99893249481
05244788485
48494529579
16281091655
96263817879
18961705440
35892795241
60849222010
31421232707
83662723115
70316553409
87704590618
43511074053
43464751910
08637095674
80684122715
11459342348
26502672329
14564997262
19186262947
49470512804
96254448157
74308975093
80847095002
32336899930
73387337914
98809870980
58179491722
96574644801
72832839274
05456290120
44030067522
95986153910
30749922206
43223543511
45077295301
44983576711
52873267500
13209181829
50330629484
18505534751
84846525210
57831486364
36954161497
59150042459
44779182590
53173401603
47133814544
84610972891
39079906506
03359234618
02848501871
27466291864
76855230431
91745601074
14325823565
86267788300
53517791539
13469665249
87739088005
39732412445
90011405724
49972170934
64920335741
85731934762
29206169513
96174453952
10529982161
55305330513
34499053099
37312199488
04197520212
44601434106
77751361700
70616570651
93156133760
06843361897
43490854241
12914484119
26055449234
04094127089
50632767090
69004218491
97173109981
23177044708
92333059028
70524503648
41673890296
22657145779
84262292630
29195294988
45590128650
85456540576
19384979619
66675264001
12998014984
60822574721
07287620804
98126217502
56263656484
25518104340
93856005323
64296750330
63857316349
65756694927
79745800970
16983291565
83950012664
66246021042
45867731200
47463719898
05347964006
81539017290
06608195206
12080922947
59513716600
87302109176
39312988840
80741339234
68685162319
32224916230
11684656648
42457040558
95502149587
12374104877
89583860883
32483017592
64585043144
66453982200
21561187011
82234476810
80199746281
10192807005
17738296372
35923981483
46724122619
72227254580
30778678504
51467331805
26838861798
28093798315
92228477338
75223577485
30252404408
20432188088
29902605109
60013143735
97732848080
25578262198
12877185311
75065810001
61882142381
64798456411
50667064613
61385643404
92727757280
42003304584
38661181399
79339773160
93858541605
35150055280
49626199857
51599956330
27948029761
80715056336
61803059788
30803894090
25866989670
80521062225
14777141705
74100499876
83550716540
43211037624
34650887518
72805385250
00166899410
26650522880
54554875903
70311427170
73274412805
50431822379
30986373150
85359294361
76821083045
82341293760
37063012703
71548880671
74417574367
74537877774
83742603949
59690501801
75833037298
07267693121
32170106120
12910997782
10617725608
88166817640
42181750041
55597968084
80184800528
75828184156
96364778330
01735672580
24335816138
52542701105
31171618050
79105321727
59602546549
00442895020
96364007414
09726866065
89219072114
61213903955
35318779417
43122023547
10144892103
61042142580
79872431248
94908474370
98935322300
87811151138
71913885283
03281467903
23483430296
66872505150
34088229649
73200574410
84822519538
67564956232
70121295656
53573095909
02218637537
59937245362
57165895701
81748541340
51723770264
17958110138
96490289350
78932543607
99536402467
93608844996
96982505570
10455531072
56600847883
79995315025
22391151900
37806664050
29516466745
94565867230
36089639010
86719257900
99977433267
39103094618
97335280648
79906495510
12538875005
50666297690
40023486368
42783900335
65843724727
64861763002
90312699808
79924966716
49676238830
10111439175
17942318540
45496293120
38917725481
67147220285
30107113015
77622140465
14157596269
20521572630
22049676530
67215611582
25929174628
82850808385
37558999499
09479498529
00993698344
05717509588
24745353146
00246444045
23170454684
35487793794
19618928985
37987550353
96282155746
80159610176
09991824391
07972365202
68061024764
38046791105
32933123304
68749501500
08416770425
87052030071
36420672473
53314491158
43407457669
81899169040
02374573770
13566866563
25426148651
71070424595
33984209150
04393141350
29637932941
01885057415
65514353940
70081610939
70710664931
94161254822
78532183620
57751980265
28439055080
56732742892
28308060269
27636221195
59648769940
49436531540
57126374801
10933048041
94958821929
23786718814
58993641730
47371348052
81132361982
10329980750
15686482357
85057196626
98726831821
17698555801
67977121735
37178956992
01188162845
43645088709
95319700849
42172791679
01596796804
90389933740
12746647052
01093059141
31330551273
25927569498
67324411401
95409842111
46699015249
85978562547
60289791049
11446908380
85125782386
75871578675
86137654168
50475557476
90886946131
44164156210
95449178450
85778794452
70056324359
28972125784
76673386207
92364105960
69151827727
78322740182
86353963750
50182228673
90142709840
55749976068
78270661864
79667079546
79101131109
97423793515
42575100569
83152245734
03480039863
92600620125
43415886131
90252516761
30727923137
08209740130
21191062740
18530312163
56107316663
27281766718
31974217019
22954378735
18386276002
22700112873
18269725609
06736193389
10156666804
74369373913
09033209675
17866371547
28305514781
43674568543
88061353920
46085577770
94193197093
13103847467
29593163042
49610603998
73273991003
30774623977
93632679622
56647910638
94670013653
75829819520
62096964903
70487443241
38852501959
56020282775
15925299680
38641494014
94957280967
65702462831
51478569271
27806830405
07841734433
17987403385
30988744228
43382407094
54799295268
06917820326
91514105675
63744601030
77072434127
77237152262
04335330057
41257936620
02284549136
06175770056
30799907570
00177055332
94651840558
38355936760
93334084108
60468883525
77542059556
04288395410
41263817165
15554778283
75771372196
52190179505
57663095626
35668502414
64683665930
28712212784
26482006140
84293045686
36717023627
30865040133
72746858649
34175000607
98179356396
82225774765
16279805476
35212825202
91942730659
56261473145
25222487075
25035315479
74705940946
11585146544
28008359153
24200394910
68210338030
05634988543
59771882856
91772380792
68325050004
28468085545
71102943231
59405808079
22419316240
56372380307
84435940205
04571453744
52987759266
36112451514
02731643927
21266649379
55780742782
04325845879
29177357086
53798630194
36295225055
78800005349
98575982427
53197446410
31096292750
52206930420
01507658435
74968302835
44209812889
41168310008
59161748021
72741857300
01949396347
78675537700
81451065400
43074513683
04806051144
07991149528
92787579345
08489773602
73199018548
62500567931
98448788885
21260951006
82332278621
49428419338
50372146376
95588867424
21921167211
67648232359
14064175808
60275608786
48762109260
13450045598
11938229983
81614818657
85147111484
97920779014
35046286505
82778234365
67928104440
44976493695
43408210209
69806605942
97203399850
24443248463
35484433207
64204686125
41549146777
66075482377
05959199521
11744703809
31707747199
44503980840
09085395259
35731224188
40246456418
22721459228
88393537550
84442606811
25091377433
07072290141
23482154465
88336058680
64328501348
90891859330
93885821362
16125415937
55942199787
51463216807
22374922553
36157175893
21739266161
44221805331
78202826306
01597895326
48411243575
06205859785
74356589874
18954605141
25553620619
50186930887
03480824609
10758497210
47727618454
95531167105
80781804035
35647677894
80269844805
21551611406
68864175849
66355455655
59980523158
47548445725
58144877632
22786505992
71556413327
95224882753
69671732437
55391976901
33658525061
72091819034
13371077004
03227347113
39644509528
77208819157
67295858970
94583886519
48507151841
37257327793
43281774008
38471023032
09439340363
27915972553
18826809100
13075042137
51811264484
99130546486
25068188638
87772698453
98040876699
15382092176
89620739434
81357085800
64724814152
21403337560
31606732439
60503475300
66736765820
77295495819
89592739374
49614370696
31085647226
30380372819
44229403763
23133526170
41499096607
72147661325
36559486893
90533503060
52452552780
35592516487
34730750195
80217209564
32283236177
34929818958
36006662582
43425777807
61721419969
67415560604
46139607701
18516999378
66482456707
78416322660
41583572767
41481289918
57794868327
23103597770
23120425338
49674944630
19411096913
11308273800
71371169730
43503127739
83273171804
92373251345
10580129756
65400093990
00485796961
40818181427
75068460206
29626086475
30945028148
79113628828
09113378228
62658425600
24659337600
90581496418
51367713722
01418596523
89355007809
67921196012
76999477892
40775895768
23706230046
00769451896
56389653000
99332677603
47718233677
84723567950
43177664005
66092169673
00950230200
68478692754
76678010370
56115823200
32370750006
57434809400
58888509003
39865506742
43165007837
87056330444
18595102139
52086524129
46060213308
53007595460
80277253217
37426650227
54707596959
84681911917
61186628197
27444409498
84574406402
55202078366
50148204333
77173693705
66967521616
36383155091
40395797985
26310774743
35746834483
70986563056
00820664421
13700664060
52033236587
15341382005
07766014661
23733597826
68753882199
45772449508
95194872550
17617019165
29098882153
46698881376
10716974126
61176734008
53123202771
20837556007
10429364474
79622566723
68570486065
84723261796
65963456703
16684779710
14280932492
80811619028
53708491700
09044057537
03140232080
74814997566
92110213590
98288043100
14034731370
29037564496
68680480258
45947716100
32179681151
11987404009
20281193738
22319013580
34854437944
18590482189
10642661693
75253514732
24092794657
38674931979
02919242636
80884839648
10618428275
97176139660
59808238670
43356860569
51316670031
61696833922
29339574508
18329612570
88386985623
31107167639
43262428094
24108895061
45317377846
93428059573
15252043868
75571121050
93093084601
83459882379
58641960023
15407861453
11857217624
87636137780
06058922704
41758617268
05561818163
41459233590
40826842208
17658002429
35216232389
27679042160
90106695568
50391852000
28151771968
31526299070
24352975214
58643520470
88346585900
33543591533
31811439012
36730917784
54470161004
41094933317
27160417097
73522625633
03514170606
63769792890
05810564186
76471483546
41774713721
43668447454
41391520521
42465766112
19173113549
39401704708
03305215518
13011867836
59997984188
68698367100
24032896984
50993273629
45523349801
37074107573
25355176984
30164177310
75113922536
87213633406
24213222608
63978919257
73112672186
15458470702
46534724839
17788840246
56691493435
83054470148
99058700240
96652525186
38694739674
84960639504
61056524022
30896126153
45557823808
99292644939
23938889853
94343554007
07792713601
89180676154
49365083818
59423473105
89928707367
25667287200
22243223562
38738239183
57986469048
29964383290
81192325346
51031441743
44194620518
09205160091
88494103105
51703716167
38690313109
96661449136
62005684309
42940938202
02900659337
49861447075
33042751007
68494405780
53146404303
36993205882
64099509346
95838711507
41439296359
30204790883
14475892899
90916013960
77907709423
40608946800
17901184418
32480388298
68510979588
66198488420
85336007633
92374964353
66839433706
19471233860
03416158709
62490025708
48313434473
97780352455
42192379765
23716688932
76443373340
47194221870
27635030043
03880623120
59916464570
70345089766
33418699138
07162880878
61070118206
28547562311
01966405472
75471791002
70746730489
32870830157
51023780313
76413255056
86387558131
32177203775
32311705679
80622124838
18329761908
46051553410
75413483252
16040658770
18190889281
46118448701
47280767842
93434189149
31641785063
25748094835
20141992131
24411752700
73417932017
04083930845
63389230939
83614768651
80137763794
76942788031
85720427686
01269693964
39036645379
52120741000
32341916201
50708167802
25343878393
45312399469
29747051036
29033773759
43564916377
02614285358
51134856083
42792112301
84725061930
81741737818
27224886394
42465164732
67182657724
00198720700
00994784201
71495376001
16035433090
14576521535
33600191560
20733079733
98930007775
57778914891
13195554038
68472475689
60397089562
02595298267
86036378653
26454028607
09787191408
93554794090
71585413550
22380217017
91206270179
74147142508
38368731410
94234953970
35835801335
24182794052
55097097157
30560508123
52757755200
73956363256
55168807852
54568331820
57660130862
85738225546
92254142267
41243679700
46799718195
00958930082
98317357309
36693768440
98495175738
59262278527
56712830001
24971873554
74005858511
04491849862
35134186472
99183517642
81558242090
30201510820
77349550022
08301161175
42530364060
48050473805
84929562597
27237923587
66340253636
30453888500
20555706419
